100 99
11 9 99 37 72 48 71 61 19 75 41 94 71 86 7 35 2 83 77 72 71 60 32 38 5 35 28 61 46 31 70 33 96 70 75 64 44 81 95 71 62 70 83 21 98 55 40 42 59 64 86 13 90 81 78 55 15 78 76 62 68 9 69 23 45 75 2 36 78 16 75 99 40 34 9 32 13 42 73 63 98 83 86 28 72 40 59 81 17 94 43 56 43 13 63 30 88 18 52
86 80 95 74 75 57 35 66 77 90 70 32 5 74 46 2 20 78 57 88 61 30 36 42 76 96 61 1 75 47 26 45 4 93 68 52 57 62 62 78 91 79 55 79 56 28 43 77 74 51 90 47 53 30 27 47 76 76 91 17 81 17 12 58 57 22 42 62 85 90 25 61 7 51 77 74 17 42 65 15 21 47 97 23 79 21 96 16 43 4 26 1 64 6 82 34 70 93 1
82 89 25 74 80 23 27 45 79 15 54 64 97 36 22 80 25 78 68 61 93 78 31 86 96 37 63 18 73 28 56 66 6 79 71 40 98 89 74 65 20 46 59 5 25 98 96 54 19 39 98 84 4 6 46 23 59 42 14 43 43 72 10 52 94 82 93 80 95 57 12 100 8 22 66 78 13 100 38 28 43 92 67 44 19 92 11 42 96 89 93 42 81 49 76 7 24 90 49
69 3 65 45 27 63 100 100 17 29 76 59 96 67 67 92 17 81 75 12 18 85 81 24 57 29 80 4 11 86 91 21 74 23 83 5 79 50 78 62 82 91 49 19 93 15 43 71 100 6 59 32 43 21 83 49 74 61 23 20 41 11 82 49 58 98 45 77 25 100 38 79 63 89 27 35 47 77 17 6 60 3 85 72 42 49 41 30 60 89 40 39 51 91 34 43 94 68 62
36 36 13 40 48 46 86 90 78 38 11 79 88 81 6 96 34 9 47 9 6 8 55 10 2 87 50 27 73 72 9 31 26 61 57 82 91 90 10 87 32 71 100 59 14 71 93 28 40 86 21 19 85 76 77 97 64 77 9 10 2 79 34 46 52 82 49 42 6 15 29 93 1 1 33 8 34 99 48 53 33 21 67 21 43 54 58 2 52 19 47 50 6 43 62 89 36 33 35
11 12 46 40 52 66 12 92 6 70 91 5 83 53 80 67 81 33 29 38 72 45 99 96 75 54 8 5 79 68 57 5 61 74 25 14 1 17 16 11 30 38 30 26 87 17 17 27 58 90 70 14 43 60 64 45 65 81 43 95 17 75 95 3 89 54 22 75 82 52 90 85 91 60 61 26 84 88 75 38 80 50 39 57 91 63 94 81 12 27 87 17 9 38 5 11 14 74 13
48 41 87 5 79 29 74 69 93 10 38 30 16 39 62 10 75 29 56 6 31 97 28 44 10 86 36 17 11 52 97 100 79 42 76 1 11 12 7 43 64 50 87 78 65 60 81 62 88 12 90 75 2 83 57 67 62 72 53 70 6 31 36 97 2 11 89 30 83 13 59 42 97 39 88 52 66 86 47 36 33 16 22 29 47 58 33 62 81 19 45 12 24 60 33 35 40 62 89
29 42 27 26 99 2 5 12 95 6 53 72 58 89 69 82 28 32 71 92 87 36 72 56 40 34 93 6 38 26 34 28 57 28 82 85 16 39 64 87 87 17 1 100 86 36 48 69 92 68 12 74 41 38 30 11 89 67 60 86 91 6 99 87 74 2 50 63 31 14 76 57 49 67 99 88 43 30 79 71 70 43 83 71 21 95 13 57 31 59 97 54 12 74 13 57 4 75 88
64 47 77 18 63 12 29 14 47 46 28 45 12 53 86 8 4 69 8 97 30 70 50 10 56 19 94 13 94 32 39 79 12 76 55 97 3 83 82 74 69 53 84 51 33 33 79 53 44 39 47 35 59 31 89 21 34 40 76 2 34 89 46 63 52 19 88 26 31 53 30 79 15 86 12 14 69 79 20 48 60 95 74 14 54 1 94 85 27 5 50 80 49 39 21 100 63 7 9
23 47 7 97 58 76 8 100 83 88 10 89 52 62 87 16 50 89 32 27 6 64 56 27 32 60 23 87 59 85 12 92 66 9 11 40 82 64 68 50 89 18 38 48 89 32 49 94 79 11 72 84 37 67 52 87 24 86 31 4 15 43 90 3 58 15 60 6 75 71 68 72 97 44 99 39 4 77 4 66 22 73 46 3 9 18 97 66 14 83 53 56 12 35 98 74 3 64 74
23 26 85 34 5 89 97 46 21 23 25 100 34 94 34 9 86 98 60 76 77 85 28 16 44 98 11 86 79 26 41 58 20 97 7 69 86 11 57 5 78 88 41 65 49 63 6 17 88 44 34 3 79 74 68 17 27 62 6 24 52 17 92 14 87 2 16 30 81 90 20 34 82 27 4 32 92 85 89 10 21 96 50 52 40 80 71 34 41 67 53 8 68 2 39 68 98 44 48
39 8 86 55 37 42 54 46 100 21 93 35 5 66 84 42 27 25 23 93 97 18 77 94 56 59 85 57 3 64 12 84 22 66 44 9 88 85 19 15 17 54 14 61 97 22 15 1 26 56 47 50 97 59 40 51 2 34 44 6 52 22 9 78 86 51 27 26 37 87 37 60 28 70 100 70 34 17 70 16 99 23 100 27 99 63 53 28 81 23 77 27 14 82 74 80 88 44 19
94 31 29 40 11 39 22 91 90 8 47 82 65 53 77 47 31 57 86 91 79 26 56 47 3 41 14 42 86 26 28 56 22 74 69 36 54 52 84 76 46 72 28 4 98 36 19 47 27 5 8 34 82 83 89 34 62 33 5 58 30 34 55 51 21 83 1 82 17 54 38 62 12 40 77 47 86 21 92 52 33 67 50 38 100 30 96 23 36 86 24 96 30 95 25 67 47 69 21
65 50 54 63 21 14 38 29 83 30 34 71 55 7 13 75 100 17 6 39 80 14 5 25 35 73 22 3 4 12 80 3 65 15 98 40 37 15 94 53 5 84 45 51 78 28 65 55 30 93 3 61 43 11 21 62 95 35 9 3 26 13 72 37 43 39 32 47 47 12 34 27 96 6 34 69 63 24 21 54 99 21 10 58 20 7 58 39 40 85 46 8 74 65 9 98 6 42 4
58 30 32 60 1 92 35 63 7 5 32 76 21 96 20 18 83 73 78 5 50 91 97 72 83 58 64 12 54 10 45 80 48 86 79 51 30 37 71 74 40 37 66 95 98 35 46 31 11 84 17 20 41 59 13 64 37 49 15 72 46 55 55 46 98 79 5 40 94 24 35 94 36 46 100 24 12 38 55 9 74 12 83 37 43 16 29 68 11 84 24 93 40 5 16 41 30 6 10
33 26 24 98 15 35 19 50 78 4 4 40 41 48 73 64 40 16 74 83 6 52 84 49 40 6 81 32 61 30 46 7 48 57 37 48 66 58 87 58 85 67 34 64 33 81 56 28 31 96 38 81 73 73 2 97 84 87 22 80 38 85 31 47 84 63 67 93 77 24 27 86 97 74 73 59 11 2 80 80 44 12 71 6 78 96 85 77 45 24 76 34 41 56 85 94 70 20 10
10 26 37 73 73 3 72 58 50 11 98 33 98 38 23 57 86 87 39 30 51 39 84 92 17 89 89 33 89 60 96 47 46 9 38 40 51 18 38 8 39 67 93 39 24 17 25 5 6 70 85 91 89 63 19 16 30 46 26 62 6 76 52 33 41 64 25 88 17 2 22 68 36 97 92 94 26 1 22 1 4 10 86 78 14 31 93 94 6 28 46 36 43 65 51 45 19 9 16
33 30 87 98 88 12 32 46 11 22 55 71 55 82 60 23 18 99 73 38 2 30 100 78 47 35 11 89 77 89 71 62 24 18 18 17 46 72 40 79 49 86 86 55 54 12 82 71 83 26 25 47 82 41 53 24 36 11 15 39 27 94 86 40 96 21 82 68 97 26 18 27 28 89 6 22 47 4 54 30 54 77 33 87 32 24 55 58 50 38 64 60 30 26 19 89 53 55 67
85 6 96 53 2 57 60 44 88 68 16 67 4 34 51 99 50 71 49 23 51 21 16 78 76 10 65 52 33 100 73 21 82 55 6 73 61 51 17 62 18 87 79 46 46 91 49 90 89 31 22 15 8 14 89 21 35 72 60 7 84 7 34 1 90 50 30 54 15 46 30 2 35 39 85 81 31 25 69 78 22 57 66 5 19 75 13 58 38 59 62 72 46 40 74 58 58 90 74
13 100 34 10 8 95 41 66 94 47 77 97 4 63 67 41 9 30 6 81 96 55 47 75 29 88 71 70 56 100 56 73 17 81 99 81 14 7 48 95 72 42 26 24 3 24 15 56 17 40 54 44 27 92 44 71 64 61 54 9 88 2 94 91 50 9 86 24 46 81 67 23 28 89 4 15 75 7 69 22 3 50 84 14 31 73 82 27 100 49 47 51 40 95 38 56 72 44 10
46 63 7 65 62 92 26 35 44 68 94 51 63 82 50 50 100 93 32 14 54 61 28 85 32 86 75 7 65 44 70 51 19 5 20 87 49 82 7 52 21 66 32 71 99 42 62 46 68 36 71 87 92 87 55 84 25 69 11 46 61 32 11 30 39 20 89 59 67 29 96 57 2 26 93 44 51 31 89 71 72 84 97 10 81 7 97 60 100 74 22 25 28 82 36 82 75 65 48
64 80 2 19 29 29 35 46 26 49 58 60 62 99 49 18 1 22 88 74 58 27 35 72 34 66 54 44 39 98 15 95 98 100 79 2 37 20 78 29 25 3 22 69 33 74 60 31 90 90 78 87 25 26 70 57 28 48 54 35 33 24 30 85 33 59 18 84 78 33 49 60 10 57 83 54 6 4 83 87 48 53 54 66 41 87 50 50 88 9 92 54 9 5 47 99 66 70 94
1 33 23 10 98 20 77 13 86 12 37 25 2 7 99 51 49 99 48 68 78 48 49 35 56 1 66 9 84 48 76 16 70 73 79 56 76 35 1 29 26 16 25 35 80 92 49 89 48 37 48 42 49 26 29 95 41 31 10 11 11 51 5 78 90 83 71 99 9 8 76 14 96 24 40 34 14 70 46 88 81 93 55 74 35 37 79 61 5 59 93 28 63 31 74 78 93 53 78
20 17 54 10 64 46 50 27 63 94 9 42 68 18 74 6 83 77 9 33 20 56 51 15 97 5 9 90 3 95 25 96 93 28 21 92 64 79 33 37 1 2 1 1 58 14 65 39 82 10 19 2 64 27 57 89 32 67 4 93 62 77 10 77 41 82 53 25 20 28 78 94 29 46 22 52 73 45 97 17 29 86 42 95 17 97 20 49 16 28 16 95 73 50 36 2 57 100 18
37 70 47 71 51 33 4 77 70 25 31 10 89 22 1 46 83 48 90 48 69 13 44 46 20 34 94 100 22 34 93 5 68 17 42 78 70 87 58 9 19 43 9 20 72 53 64 19 9 96 71 46 33 60 39 92 33 24 21 97 85 57 9 65 19 74 24 50 1 82 43 19 19 94 66 75 71 20 22 70 84 57 15 100 63 79 38 72 85 64 20 55 71 53 89 30 56 84 70
56 11 7 87 93 87 30 14 4 85 25 15 62 29 47 18 20 17 92 100 45 56 40 41 26 33 2 67 73 93 23 18 74 65 20 7 17 42 75 82 58 18 87 71 99 98 78 36 54 90 42 1 24 59 38 78 11 86 21 85 48 62 7 2 78 2 95 66 82 64 65 92 81 91 26 75 33 86 47 45 52 95 58 97 19 41 25 27 73 18 81 7 41 93 12 9 19 94 87
52 24 77 25 14 50 35 22 13 37 5 1 18 8 30 35 13 36 18 74 26 84 77 2 15 48 16 27 32 38 89 56 89 56 2 58 47 55 10 56 32 22 31 77 50 69 65 93 76 63 66 63 41 64 96 88 67 67 82 51 65 85 35 87 94 9 2 40 44 86 16 19 89 72 21 73 93 75 27 4 42 86 45 34 51 18 14 44 54 24 59 76 34 90 41 51 41 63 21
88 40 2 33 63 86 83 62 23 96 67 52 60 67 11 84 94 9 72 19 8 60 38 60 34 70 72 10 72 16 74 43 9 50 32 18 4 65 12 66 34 10 100 69 22 48 21 78 96 49 33 27 38 30 81 84 34 30 72 54 82 7 82 53 91 49 11 14 31 76 14 85 2 95 30 13 1 36 84 63 50 41 38 35 14 70 78 23 63 44 93 86 78 84 72 54 26 58 10
98 7 43 53 64 24 47 5 60 17 39 96 64 30 4 20 38 22 10 39 53 93 2 78 4 19 49 51 54 58 19 56 48 76 92 93 14 39 66 49 30 11 14 18 75 23 10 80 40 36 17 10 59 65 39 26 66 41 97 48 73 4 67 86 54 10 33 55 39 83 41 31 36 81 19 85 58 62 88 77 1 71 96 43 28 21 64 98 59 76 92 61 64 11 78 30 87 18 41
70 20 16 71 46 13 81 12 57 85 17 37 24 2 83 98 100 56 95 87 56 12 69 79 60 45 35 48 11 11 15 45 58 99 91 80 30 9 27 92 74 66 74 9 63 58 1 59 63 43 10 42 10 28 91 97 24 3 61 62 61 55 17 79 83 62 38 61 40 96 85 84 93 47 24 52 80 13 56 99 35 33 31 16 31 47 6 78 5 75 96 43 96 25 92 61 10 88 12
33 95 75 81 2 73 27 44 59 70 32 32 98 32 75 65 42 8 21 18 82 60 79 76 67 77 19 21 10 70 46 2 76 99 53 10 32 30 50 80 33 61 97 33 29 78 88 11 98 59 18 84 25 4 41 49 43 43 1 59 47 43 7 93 2 24 98 4 93 52 69 42 26 66 86 23 67 34 65 100 2 90 47 54 40 49 20 15 89 78 89 54 62 69 10 22 4 22 66
23 78 32 66 13 18 20 50 15 56 35 28 13 93 100 39 75 62 51 49 15 67 51 49 7 85 9 90 100 60 14 90 8 6 25 95 45 33 83 74 20 77 1 47 100 88 90 26 96 96 14 2 24 36 96 64 76 91 53 100 28 12 59 88 50 64 7 56 95 64 3 4 6 76 77 81 96 77 30 93 74 60 59 33 2 57 15 22 99 20 76 58 48 36 45 82 33 39 43
19 42 94 57 22 98 67 46 90 49 42 51 6 46 44 61 25 46 61 20 92 11 45 91 99 10 86 37 64 14 100 39 26 34 56 20 15 39 2 60 75 91 38 77 87 35 67 45 39 43 40 53 49 17 5 44 47 21 64 34 56 95 77 57 72 15 16 80 24 89 43 63 31 23 22 72 11 22 65 45 93 49 46 16 61 35 64 5 42 69 49 20 4 90 97 72 69 98 48
21 31 76 100 31 26 100 81 77 87 45 55 79 13 44 31 8 24 91 90 56 81 3 45 23 51 67 20 77 50 30 55 76 50 53 84 49 100 34 30 27 54 82 52 14 61 12 72 29 66 24 48 73 59 90 9 100 42 96 10 35 73 3 37 3 24 18 71 24 14 18 100 74 48 80 28 18 77 46 36 47 24 3 21 94 44 10 63 73 27 95 24 9 60 33 47 61 46 1
73 92 86 78 64 98 77 36 83 96 11 49 83 75 21 14 61 85 28 91 85 88 48 11 53 58 62 61 40 35 18 42 27 82 82 56 64 24 53 40 77 23 5 21 65 84 77 23 96 1 40 94 71 89 92 24 37 43 36 82 24 70 38 23 80 80 18 39 22 83 73 14 15 11 46 99 15 90 29 73 99 31 75 89 59 70 11 66 60 62 57 20 51 51 93 34 60 60 92
28 97 15 36 65 92 48 55 66 32 70 16 53 1 97 45 74 43 41 22 82 19 98 85 27 82 73 16 6 36 42 54 73 58 40 86 49 57 7 18 74 56 94 42 34 82 65 35 53 82 73 12 95 89 91 72 56 88 77 89 11 79 36 47 76 59 55 24 35 24 66 65 7 8 36 7 35 34 74 39 24 8 58 37 17 98 81 6 38 97 81 74 18 9 28 75 53 98 23
36 14 51 39 99 13 22 35 12 71 34 13 79 65 18 85 1 77 66 89 84 17 5 31 83 14 14 29 55 46 50 20 88 66 13 70 25 73 20 84 27 51 21 100 2 83 62 20 53 66 82 38 53 37 53 38 54 63 22 11 54 61 24 82 47 55 66 1 77 54 74 70 98 73 79 97 53 95 6 97 16 27 65 56 17 75 55 30 25 25 86 11 96 65 74 10 22 50 95
86 33 100 54 69 21 44 4 47 3 59 38 16 14 31 99 55 45 46 73 52 2 52 1 23 45 90 18 67 32 42 86 88 28 76 54 21 98 64 1 31 84 33 64 43 31 27 49 100 64 6 91 3 16 73 11 65 42 64 23 9 69 31 62 83 39 25 81 66 99 9 5 87 76 92 26 12 64 89 57 42 10 63 95 3 40 15 69 72 61 60 6 60 57 1 84 96 16 95
19 29 31 8 60 61 79 64 7 86 60 92 89 5 3 10 27 84 88 43 69 81 17 81 93 65 56 45 13 74 93 90 40 29 46 24 54 20 26 50 87 61 3 20 44 90 7 22 34 43 75 35 29 7 3 47 94 47 39 94 18 17 37 58 85 86 93 37 48 33 60 37 43 78 21 66 63 7 59 39 45 71 85 85 1 6 88 67 12 2 97 96 46 49 85 84 5 13 66
35 100 50 85 85 17 35 15 8 76 14 94 37 86 4 74 28 83 62 53 47 64 74 26 91 81 55 87 83 36 56 79 15 1 25 21 98 55 94 63 96 85 78 16 77 79 70 63 44 45 59 65 97 84 40 95 16 4 29 49 95 67 9 88 96 68 17 5 93 73 43 91 21 41 44 98 86 31 14 43 78 70 46 65 32 78 19 94 86 46 57 38 37 16 67 19 6 38 42
44 76 37 8 91 88 61 10 55 56 86 58 58 16 30 54 47 1 37 3 9 5 39 51 31 4 53 35 50 53 88 21 58 57 5 79 97 8 12 62 35 31 61 5 8 16 61 79 65 26 38 20 95 1 3 81 6 68 61 44 40 30 17 57 16 24 56 67 11 17 9 55 22 92 27 48 74 22 24 2 50 29 11 23 29 19 31 33 13 89 69 21 89 56 50 6 4 63 62
24 80 67 99 46 72 26 16 16 27 80 54 82 82 62 90 83 78 25 61 54 11 11 59 69 46 23 37 84 16 92 84 3 49 70 87 70 90 57 80 38 63 72 35 31 54 15 54 44 90 81 91 80 29 39 9 61 94 83 88 64 87 42 92 51 12 7 75 70 3 41 56 25 34 49 56 81 9 6 84 62 73 83 1 4 33 84 87 67 1 81 98 17 98 62 92 64 11 57
50 9 75 99 70 6 29 7 16 80 23 22 86 30 15 5 29 9 25 82 35 94 47 40 60 59 99 98 20 38 21 40 28 32 47 34 32 27 59 39 75 13 8 63 99 31 45 69 33 83 48 18 83 22 52 56 20 10 56 56 26 93 2 13 45 45 93 74 42 86 96 72 89 7 53 25 31 9 42 26 8 58 79 51 50 35 45 70 68 59 89 83 80 86 7 66 46 35 35
7 70 62 84 26 86 94 76 9 66 28 10 41 98 75 60 41 80 86 29 76 99 9 28 39 37 64 51 9 6 70 89 38 30 43 76 45 15 23 95 46 29 37 86 28 8 68 37 52 9 50 25 52 74 92 39 17 9 11 38 14 29 10 85 82 97 18 55 50 11 28 46 60 31 7 12 49 21 63 25 12 58 11 51 33 83 48 69 4 1 72 56 83 15 24 65 43 76 38
5 63 90 87 99 39 92 26 6 47 45 52 48 2 58 14 33 60 72 98 34 28 15 78 10 38 53 39 8 9 37 39 34 18 57 100 44 32 52 15 63 39 28 89 19 97 1 77 70 23 100 65 62 53 61 57 43 94 10 55 94 85 58 33 71 3 30 93 24 14 28 64 60 19 31 28 17 13 64 74 30 76 95 21 66 96 59 53 35 35 34 24 28 22 14 49 15 12 11
36 99 97 67 51 36 57 92 44 34 55 61 49 94 6 2 30 45 3 47 94 30 97 61 3 8 44 25 26 26 95 20 20 18 30 77 91 91 40 65 1 98 46 98 92 24 10 60 37 3 48 31 21 25 33 72 55 76 71 16 44 92 15 19 65 28 31 6 5 5 32 90 76 22 22 62 5 42 90 69 5 72 99 30 29 43 90 30 36 80 76 74 27 66 48 42 8 13 50
51 67 66 2 25 36 69 43 62 23 20 12 81 18 1 86 68 66 96 36 51 71 54 2 83 8 39 3 88 55 9 99 43 39 47 53 76 93 27 57 33 6 44 51 93 4 25 55 58 69 8 16 16 2 76 89 3 37 35 75 57 84 69 68 58 16 87 97 38 27 40 33 50 46 60 76 48 8 40 49 10 77 32 88 23 75 29 37 3 21 3 80 37 86 71 95 20 51 86
6 83 95 65 50 60 96 35 42 34 61 63 84 82 94 78 30 58 57 9 31 42 45 73 10 49 74 21 19 50 78 93 17 88 3 1 56 64 95 21 48 11 75 56 89 82 12 48 22 92 77 13 62 76 78 3 25 28 31 55 16 63 91 46 41 24 49 84 68 12 83 15 93 48 90 29 23 72 76 98 66 2 81 47 10 89 53 4 74 62 5 91 98 31 97 39 74 59 57
54 25 71 1 100 30 40 35 9 42 6 32 54 40 86 63 41 91 37 73 81 88 84 64 43 94 50 73 95 32 9 29 48 62 61 95 44 25 55 48 33 6 87 74 2 11 10 15 47 22 41 11 72 11 41 12 46 27 45 45 27 24 74 95 41 10 14 75 87 29 85 84 51 8 55 74 41 67 81 19 95 18 76 49 3 44 77 86 13 1 51 11 70 41 31 18 45 10 51
32 25 82 3 56 17 7 87 38 88 16 4 85 27 51 23 45 53 54 36 53 26 36 32 30 64 47 23 22 100 80 55 79 95 84 44 98 35 47 50 4 25 91 14 64 10 69 88 54 55 9 82 17 35 45 4 67 21 62 39 8 71 51 10 27 8 92 72 12 91 28 68 71 18 39 14 24 36 77 37 80 91 5 88 15 55 99 48 92 17 71 9 59 53 35 97 28 56 49
51 97 67 90 53 91 26 40 43 29 57 66 21 4 95 51 73 10 14 10 23 47 37 76 35 3 74 77 62 42 44 7 66 14 42 30 1 65 77 3 98 96 58 52 80 49 70 37 13 14 25 99 29 23 56 68 56 68 98 35 47 25 11 94 15 48 48 11 37 51 28 39 69 60 34 19 71 59 93 9 29 75 67 24 66 9 74 64 44 75 94 67 15 26 73 27 77 60 69
38 64 43 94 39 59 21 81 88 17 66 66 51 71 45 60 83 59 75 32 1 80 46 81 97 31 64 94 85 97 81 86 49 70 9 99 70 88 71 12 22 50 47 51 5 97 61 96 99 31 67 100 96 7 99 15 67 54 23 39 84 85 24 82 2 92 91 59 89 20 27 14 93 46 81 100 25 83 30 27 61 98 68 72 76 89 38 20 63 28 12 6 80 11 43 33 24 25 67
27 30 96 4 91 61 22 60 27 38 91 84 54 56 36 31 47 26 86 29 45 28 73 1 49 46 17 36 7 91 89 32 6 28 23 30 95 11 89 60 46 56 67 92 12 84 34 94 90 20 42 38 37 2 9 52 36 25 27 18 61 68 16 46 68 75 53 57 30 50 7 66 7 88 42 44 14 53 87 63 12 56 74 60 12 98 57 72 41 69 87 26 6 34 62 46 17 28 94
94 89 14 20 36 81 73 80 86 78 91 83 53 13 17 61 11 58 14 60 94 70 42 91 90 34 49 40 67 58 21 91 28 27 23 25 61 1 59 25 2 18 15 2 49 73 64 96 72 56 32 46 49 26 41 2 64 78 69 77 89 30 28 47 55 64 70 68 46 1 30 30 98 21 8 33 22 16 71 13 98 17 28 47 56 61 57 85 11 68 23 1 4 65 60 66 56 29 26
79 84 16 62 26 44 75 38 47 51 31 20 74 33 85 20 36 90 96 42 26 64 30 10 81 100 31 90 24 41 37 55 82 92 82 24 65 83 37 37 12 79 93 98 50 21 28 34 16 92 49 5 55 85 87 6 80 26 29 25 74 84 28 73 7 33 31 27 24 7 98 46 76 63 78 77 21 83 15 77 63 68 70 56 3 92 20 7 18 97 33 49 67 52 46 33 64 68 96
12 38 25 34 8 76 37 23 42 56 9 57 81 30 97 99 21 43 32 39 29 87 81 49 78 39 54 95 6 72 91 100 97 66 91 5 19 51 67 10 88 21 57 86 23 79 35 62 35 69 82 46 29 3 3 85 4 83 24 16 56 88 8 63 84 83 87 40 40 77 36 77 47 11 75 26 85 44 6 33 95 23 80 13 98 95 34 3 48 65 12 24 31 6 94 45 80 90 76
45 53 78 25 7 23 91 21 78 85 45 39 39 55 32 28 30 65 26 22 89 37 59 62 71 68 28 57 55 49 37 99 82 76 75 16 93 41 38 61 89 23 80 29 60 13 24 25 7 72 20 51 90 83 16 16 70 26 81 10 96 40 43 95 15 100 59 68 74 60 29 34 7 89 3 92 45 4 80 20 11 57 2 21 59 75 33 24 15 77 21 24 44 47 96 92 22 90 94
93 58 64 43 20 20 9 17 65 1 37 87 31 30 79 39 33 38 39 80 45 52 37 17 39 23 72 41 14 85 81 16 67 1 21 16 12 5 90 78 66 52 74 85 28 4 82 91 62 69 1 43 83 93 43 88 43 66 35 92 45 11 12 22 31 91 44 57 53 85 80 74 37 66 73 66 86 82 31 82 76 91 9 33 22 40 30 70 49 8 62 95 30 4 74 15 48 73 60
73 67 88 56 22 6 71 29 11 33 23 89 32 44 32 45 83 47 79 6 55 48 9 51 14 16 53 88 3 58 54 45 52 74 50 60 93 11 28 99 3 62 23 12 98 89 61 91 36 13 37 87 72 80 1 61 39 23 13 44 18 1 26 71 94 99 44 98 99 2 16 42 94 12 34 92 3 3 5 78 27 92 98 54 15 85 73 64 52 84 32 61 85 54 78 43 88 76 29
18 37 22 15 25 40 47 77 14 47 26 68 54 19 28 59 6 86 32 44 5 56 26 62 27 95 4 36 11 72 40 29 66 13 67 94 51 78 71 63 72 31 71 70 87 49 18 70 99 21 63 98 23 3 33 60 98 60 3 30 70 52 4 8 96 41 13 8 5 43 53 100 61 34 96 60 94 59 33 21 1 26 9 39 46 49 45 81 91 96 95 35 21 32 77 43 67 52 13
13 41 63 32 57 34 24 75 97 10 80 25 100 13 71 99 12 54 51 10 5 93 12 65 12 85 74 56 16 35 35 58 77 30 70 40 76 36 53 12 61 91 100 91 33 78 87 86 12 23 16 73 96 64 43 56 48 75 76 88 38 85 53 92 13 100 41 77 75 100 37 73 52 78 27 73 66 96 3 59 43 70 60 61 10 81 89 12 94 22 81 33 90 63 1 52 19 35 47
96 9 21 73 4 7 77 74 29 54 31 81 65 25 6 56 2 48 46 86 25 17 79 9 40 38 51 58 56 1 64 36 12 87 100 56 84 69 22 96 6 41 24 31 85 63 52 50 17 41 21 27 12 2 52 17 4 80 1 93 10 35 26 80 53 76 67 18 65 54 89 25 57 28 34 92 45 80 62 32 28 58 1 55 80 55 7 72 81 11 11 36 34 23 85 20 7 43 4
84 4 34 4 57 68 9 61 36 83 20 42 46 33 33 59 14 69 71 59 82 51 32 3 54 14 67 65 23 23 43 14 21 91 34 17 5 5 2 81 76 46 24 35 62 64 28 78 36 99 58 53 91 47 77 80 71 76 26 83 49 100 73 37 29 56 88 63 72 7 95 27 7 18 86 29 66 79 94 73 50 95 64 71 76 48 56 38 75 87 52 98 58 70 39 30 92 79 6
82 42 99 66 46 17 36 32 57 45 20 19 47 79 28 62 95 91 18 35 78 3 3 78 26 7 5 48 44 82 62 92 18 91 92 45 42 38 59 65 73 59 46 88 53 91 42 31 44 18 93 42 86 34 16 39 67 94 58 20 67 64 67 68 84 76 81 11 71 67 99 18 88 21 85 20 29 70 13 55 78 45 65 51 40 52 99 11 66 46 24 71 35 29 53 4 67 48 93
92 42 71 72 77 51 33 69 91 26 65 30 99 98 86 15 4 92 6 67 34 94 12 19 10 33 34 60 51 79 71 21 16 86 66 87 48 59 37 43 65 20 23 12 38 31 7 18 12 24 2 56 44 87 21 39 100 43 73 97 86 21 38 35 68 51 76 7 10 89 32 22 19 47 8 15 67 17 63 67 100 42 6 95 42 21 26 13 13 27 12 74 63 4 35 42 47 85 77
20 24 52 67 50 91 76 48 51 21 68 26 24 18 9 33 82 47 29 86 44 57 1 82 9 72 79 88 78 49 37 50 58 44 48 89 36 79 54 36 25 85 45 45 51 100 85 48 11 51 18 82 60 53 43 23 74 8 73 60 3 23 94 26 66 80 94 6 31 27 49 43 36 5 19 15 83 1 19 2 61 23 56 84 45 92 71 36 35 71 75 84 26 96 68 90 14 23 69
66 19 69 26 5 56 24 14 4 24 70 29 31 73 66 40 10 52 18 68 79 86 98 19 94 2 4 27 40 73 26 5 73 56 95 71 10 53 58 2 64 43 65 25 15 26 8 4 43 75 8 27 50 90 16 52 88 55 67 72 70 20 23 34 60 30 76 10 19 96 91 52 4 7 44 75 22 32 25 34 48 61 88 6 69 99 37 42 73 29 73 18 67 92 72 89 82 2 52
58 71 60 36 91 78 52 98 65 13 67 38 65 23 91 76 19 94 54 1 90 98 1 71 9 59 50 60 52 75 35 100 28 18 37 64 59 52 78 56 89 43 47 21 34 94 31 75 77 31 30 85 94 2 42 40 29 31 57 12 1 40 17 39 94 24 35 11 32 98 5 28 14 60 53 48 3 64 95 18 8 47 79 8 24 68 92 16 15 62 34 47 64 55 81 37 30 34 47
54 87 2 26 52 68 72 4 15 70 14 21 44 25 78 57 94 31 35 72 4 78 56 27 80 75 90 42 98 96 63 44 84 78 70 4 55 68 36 32 52 62 86 25 72 35 21 96 31 32 24 16 91 78 41 54 18 68 61 15 63 14 27 30 8 72 25 100 54 84 15 61 29 4 18 73 61 50 6 61 40 42 61 50 57 99 90 42 50 10 58 31 18 2 34 93 97 78 43
28 87 66 29 64 5 98 53 7 100 10 7 47 56 57 65 9 66 66 78 91 66 13 91 15 82 19 5 98 28 94 13 70 64 34 39 84 40 2 27 74 15 80 84 90 7 49 100 22 38 94 33 22 33 82 3 77 72 13 47 80 59 46 22 69 40 86 55 81 39 60 13 15 57 14 15 63 21 10 98 67 58 23 63 66 79 16 38 44 89 76 52 91 77 56 50 9 24 40
75 32 96 82 86 100 86 18 18 61 19 65 60 14 37 25 37 59 28 91 89 64 26 13 20 88 70 84 5 31 58 59 31 51 85 82 90 91 70 20 52 92 19 97 57 27 47 9 65 21 69 75 78 34 66 87 4 21 22 28 99 22 28 75 77 100 98 74 53 79 10 10 37 32 79 18 37 8 9 54 41 41 37 28 83 20 98 34 7 84 6 62 9 58 25 81 15 59 17
65 56 1 57 98 42 9 3 97 96 39 34 68 85 82 96 59 75 24 36 34 33 4 57 5 86 11 82 19 92 66 28 4 22 63 3 19 29 52 73 36 95 3 93 79 79 68 62 83 75 38 90 96 46 46 83 22 87 1 13 27 76 15 78 5 71 67 68 5 96 16 19 5 45 96 1 64 13 91 36 52 22 40 95 83 11 52 49 87 78 45 28 49 83 17 99 99 99 4
5 33 19 66 56 8 74 34 55 50 86 36 41 23 68 44 19 35 79 80 62 18 21 70 34 47 6 72 20 58 87 55 85 46 80 60 29 19 10 50 69 85 47 97 73 31 93 25 59 49 34 21 49 18 79 33 44 67 92 100 52 2 98 50 4 8 81 4 16 24 30 91 30 61 42 97 44 76 73 27 34 51 92 88 9 80 84 36 48 88 17 26 51 12 96 7 27 15 25
41 99 58 45 73 22 63 81 85 71 90 33 22 60 99 70 67 75 30 29 33 44 62 26 85 41 11 17 73 80 40 4 91 5 73 71 20 42 58 79 82 13 70 36 63 5 65 43 28 5 98 21 7 31 98 65 49 26 27 74 29 5 78 91 3 46 37 73 41 92 30 52 69 78 46 46 29 9 79 67 10 6 51 24 78 66 14 40 63 95 44 6 69 25 69 76 91 47 47
97 35 54 79 73 33 86 76 12 100 65 67 30 90 18 41 54 75 39 44 10 65 55 19 89 35 25 13 61 77 67 86 21 66 96 18 69 11 94 44 92 53 36 32 13 78 5 29 87 73 4 92 24 25 50 59 71 2 92 51 2 85 2 50 96 46 96 34 16 57 77 8 64 91 51 98 67 20 80 30 64 12 44 84 28 83 33 100 81 98 46 73 29 73 84 92 35 72 40
91 54 41 55 78 52 74 28 73 56 11 98 84 92 8 67 34 72 25 87 82 73 44 19 89 100 63 6 38 52 11 99 17 88 2 28 57 78 58 45 74 57 16 87 23 83 81 66 49 60 89 100 46 62 27 15 47 74 74 75 74 49 55 93 5 76 28 45 93 16 3 17 40 52 61 88 4 82 64 20 17 10 42 32 3 69 55 83 9 23 98 71 64 6 29 3 22 73 28
9 19 93 66 84 99 23 52 76 46 12 48 1 70 52 76 68 41 24 12 98 29 40 84 86 58 93 23 83 48 80 37 24 82 61 34 75 47 57 100 50 77 5 30 77 37 29 83 50 68 53 51 96 98 91 78 45 62 24 67 71 67 2 3 70 46 28 95 25 57 55 86 13 41 5 60 85 53 65 48 12 81 42 3 97 56 54 78 11 87 33 84 63 60 28 10 68 31 67
18 2 80 63 40 50 43 69 12 56 14 12 50 22 71 63 24 82 92 17 76 28 85 55 39 13 66 93 67 93 13 33 33 58 48 95 56 67 86 95 25 50 45 31 13 74 58 74 38 10 89 62 86 84 56 27 90 27 17 14 65 37 85 66 18 2 10 78 29 91 62 73 19 47 93 61 6 10 11 49 54 89 15 59 26 52 1 91 59 16 77 93 76 65 90 7 21 36 60
21 100 2 71 83 51 76 66 86 95 53 100 71 43 60 74 59 35 34 91 14 2 44 63 36 48 39 93 39 44 58 72 30 71 32 22 7 20 80 84 63 86 7 67 9 21 25 51 34 53 36 98 92 85 12 78 58 66 93 92 58 57 36 33 75 72 70 9 31 82 99 15 82 86 49 71 45 44 2 65 37 13 6 95 89 98 6 6 99 4 54 77 12 63 48 36 35 47 27
90 26 9 21 36 97 12 26 81 81 89 86 100 86 62 10 93 66 20 72 23 60 25 67 15 97 78 68 92 59 42 75 17 44 5 63 86 55 79 82 63 100 79 10 20 83 24 18 75 34 63 37 2 40 94 50 10 26 11 3 45 85 83 47 96 78 27 80 85 73 27 61 51 27 66 20 13 52 51 73 44 1 23 66 70 91 12 61 39 14 4 17 39 39 84 66 9 51 86
60 42 46 40 91 48 48 98 62 72 75 43 84 81 27 81 82 47 33 8 63 24 97 75 83 90 64 4 59 87 19 87 19 12 90 50 17 79 29 72 4 8 10 53 73 72 29 96 85 13 63 93 5 63 96 8 92 91 81 48 41 99 10 36 30 79 97 10 54 26 61 75 80 30 56 16 22 96 98 40 55 69 100 96 89 44 85 33 92 61 72 14 97 51 69 51 60 23 7
31 66 35 44 43 48 68 53 68 30 45 38 41 92 42 4 7 69 57 42 68 39 56 87 88 97 53 46 31 49 76 65 73 46 94 95 48 19 100 2 26 37 20 53 96 57 52 83 32 44 64 51 60 46 4 61 41 40 64 23 88 17 71 66 48 45 9 53 79 93 37 38 93 64 7 16 28 13 99 49 90 43 40 18 61 68 78 79 42 38 61 100 59 89 75 86 29 67 10
38 83 6 3 53 85 18 36 18 77 56 68 67 45 76 81 89 27 53 17 87 97 51 18 7 27 44 48 53 11 96 83 50 28 27 67 67 94 27 98 75 8 43 70 16 26 41 36 11 43 29 97 27 97 52 61 38 80 62 15 40 14 80 31 26 86 79 64 28 64 95 54 56 19 65 17 77 76 17 8 60 96 96 27 30 26 68 25 92 18 63 43 78 71 40 75 17 94 42
86 57 28 59 15 7 40 10 81 64 91 73 1 12 14 7 17 89 24 7 38 5 50 16 96 79 28 27 17 91 62 28 57 89 57 42 81 26 54 10 23 95 87 44 39 8 74 33 45 34 84 82 53 78 98 76 70 64 43 58 20 32 49 98 50 96 95 100 88 84 86 49 26 21 85 21 47 95 67 79 58 67 53 4 61 70 52 99 61 71 40 95 36 73 60 15 47 63 35
69 76 98 50 56 62 6 48 11 27 41 77 79 45 23 83 48 74 41 40 73 62 42 1 64 9 45 37 95 95 21 48 50 18 26 48 38 75 51 84 31 29 27 44 27 29 15 50 97 36 23 92 3 28 13 36 12 56 100 50 15 87 42 22 74 17 98 59 55 62 91 41 39 41 4 72 66 89 73 71 36 64 45 26 36 35 34 88 7 48 46 22 45 96 98 29 33 57 26
28 100 70 2 84 21 65 20 30 88 60 99 33 67 77 57 89 48 64 95 45 10 9 68 66 55 43 81 46 75 35 24 6 32 3 12 27 84 87 79 53 54 47 96 64 49 99 57 69 27 98 11 31 67 39 57 51 96 83 32 55 41 69 70 88 75 41 70 57 25 74 53 53 83 88 93 60 86 82 41 23 6 29 2 35 56 15 29 34 37 77 94 2 53 21 18 21 1 33
31 3 14 26 35 91 11 58 48 30 58 87 47 46 100 57 16 52 85 8 44 50 4 87 23 47 89 63 79 14 26 37 27 38 78 96 8 5 66 17 59 5 18 73 25 2 9 74 66 6 76 86 83 44 83 7 88 96 41 33 62 21 19 96 18 79 61 95 80 93 81 97 69 9 61 76 70 67 89 69 7 82 3 9 61 2 82 24 76 11 67 69 65 65 95 91 81 33 39
15 88 47 42 39 51 70 15 24 26 94 9 45 11 18 5 42 14 62 83 38 7 19 33 90 23 54 66 88 22 85 73 80 54 81 75 58 95 41 73 22 66 33 56 82 98 36 34 20 50 95 20 46 61 72 90 100 20 60 29 65 31 49 70 86 8 33 88 50 55 93 2 100 69 54 42 89 61 8 87 23 62 86 76 35 58 31 63 23 96 56 58 53 92 15 54 50 10 26
99 52 46 54 1 73 11 81 83 21 59 72 43 60 32 73 75 85 7 82 14 16 100 89 91 41 19 82 69 91 54 68 22 62 21 64 1 38 28 100 68 86 100 74 66 97 19 94 57 16 59 31 49 6 47 39 20 95 90 14 96 77 10 4 44 38 18 72 63 92 56 57 44 16 21 69 8 32 96 4 19 73 6 22 63 57 21 30 51 69 84 40 2 17 73 88 1 91 19
29 1 48 84 35 27 19 84 93 41 36 84 64 40 70 61 49 56 98 14 95 54 74 70 71 15 30 79 98 62 30 19 35 30 41 27 94 5 96 19 58 46 62 52 12 56 78 47 94 17 51 19 61 48 87 90 43 3 88 92 30 18 6 47 2 10 76 14 71 63 34 94 53 18 96 79 70 59 14 88 80 73 82 67 20 37 34 50 64 99 55 41 98 17 90 9 11 37 59
27 1 91 9 87 85 65 76 50 97 6 31 56 87 60 19 74 53 6 49 93 31 78 48 29 52 31 85 71 65 96 32 36 100 36 98 68 38 92 57 15 46 52 94 55 32 14 28 53 22 13 3 31 43 92 53 52 15 45 52 56 88 50 50 84 40 11 28 88 85 70 76 52 35 57 10 66 14 16 47 18 81 72 25 29 96 81 20 59 11 13 69 77 4 43 66 99 50 6
59 3 36 31 79 92 86 26 92 56 25 17 95 87 17 59 97 42 30 10 33 5 88 62 19 32 10 64 22 70 56 67 63 29 57 39 40 16 70 89 66 65 61 65 4 31 67 56 1 74 58 62 50 42 19 89 58 63 93 88 36 32 68 25 96 47 71 91 66 50 12 68 22 10 98 52 18 47 61 93 44 37 82 69 37 14 3 71 90 85 49 82 11 61 38 33 63 12 55
1 74 72 42 18 19 22 17 95 2 29 53 65 7 92 85 11 69 53 52 57 8 51 90 17 67 29 36 85 87 84 84 39 22 1 90 92 93 89 37 32 51 39 22 24 84 13 44 65 66 12 91 2 63 43 61 2 45 28 100 51 40 48 42 25 72 38 3 44 73 63 22 58 49 4 97 23 5 35 32 22 69 94 99 39 63 23 1 59 8 87 81 46 87 10 53 33 48 69
29 80 34 72 45 70 29 1 41 72 81 23 66 22 65 11 40 22 29 70 38 99 68 41 35 83 39 16 57 9 44 36 1 56 48 37 41 45 34 64 42 37 17 90 5 6 54 64 42 85 35 29 24 46 57 11 51 3 36 9 31 88 26 18 46 10 87 49 2 48 55 83 92 38 23 33 46 28 40 15 9 11 91 62 100 100 92 15 60 27 14 74 54 50 53 71 28 68 36
28 16 74 47 66 79 85 13 43 99 18 71 90 26 48 48 3 21 46 76 87 6 58 81 54 98 60 57 84 83 73 41 91 15 56 91 99 28 68 34 49 14 87 84 53 32 45 15 71 3 95 45 42 53 9 86 20 99 65 78 36 72 81 76 1 40 92 97 52 54 6 71 61 2 28 34 30 79 81 26 83 63 71 31 60 42 22 92 83 22 57 45 23 14 44 21 26 2 20
8 88 61 79 34 61 35 75 50 27 36 88 27 5 23 83 7 10 11 35 67 100 74 16 57 41 85 99 94 38 85 47 88 95 9 75 1 76 98 14 6 35 17 18 86 43 93 38 8 42 54 99 20 85 43 2 50 3 57 73 93 77 30 10 70 5 91 19 19 50 38 40 8 58 32 88 77 4 48 99 38 75 75 71 50 49 10 60 80 60 67 74 77 68 4 59 64 7 62
94 37 84 83 10 31 84 65 40 94 61 21 21 57 66 8 49 1 8 85 29 48 20 82 70 15 74 55 36 12 72 14 40 37 81 13 6 11 90 58 24 96 56 66 65 46 48 95 91 73 54 66 69 9 67 70 14 45 95 67 32 13 96 19 82 89 93 65 34 25 99 49 80 27 19 97 13 83 2 79 12 58 76 77 53 51 46 23 81 97 76 44 23 68 35 30 7 76 48
30 49 47 15 37 10 31 25 5 84 47 79 20 73 69 33 44 72 62 72 6 43 70 52 79 26 52 82 18 43 7 71 96 72 91 95 18 8 25 47 99 42 11 19 43 28 1 49 41 62 59 5 86 77 24 67 63 68 1 68 31 62 20 89 27 9 77 90 33 21 56 91 13 35 17 35 27 51 98 25 27 95 77 29 67 29 84 13 49 33 59 45 2 60 13 46 52 30 59
20 56 89 52 63 37 60 75 66 20 17 81 67 38 15 88 21 53 41 89 11 91 73 74 17 53 38 37 90 61 42 51 65 57 77 65 90 98 52 63 92 82 79 73 93 54 91 44 12 49 36 83 51 31 65 83 57 22 83 13 73 65 22 36 61 76 8 52 13 61 91 69 89 26 51 18 58 16 2 90 22 22 55 70 43 44 4 61 36 48 99 15 96 53 32 10 69 31 50
8 42 100 90 63 38 22 95 36 51 55 65 97 27 20 97 39 35 58 50 32 30 80 3 89 46 2 2 62 8 40 19 25 71 13 64 95 65 20 42 91 71 87 42 45 80 51 89 56 85 78 59 9 32 4 58 66 100 69 20 67 62 62 36 68 100 35 44 68 100 12 49 88 34 33 3 55 27 60 34 43 15 66 96 30 12 18 60 23 64 45 92 1 80 81 43 63 23 51